alpha: [0.98, 0.8, 0.6, 0.4, 0.2, 0.1, 0.05, 0.025, 0.0125]
scores: [[2.7019129047049573, 3.2760756279515513, 2.7669132882897247, 1.6272910150317177, 1.2816190880081868, 1.2964942152683394, 1.2268526957043162, 1.2421447124925675, 1.2263809305018412, 3.440013169653936, 1.1569329448822334, 2.2198145164043876, 1.2753950032168748, 1.268357041188774, 1.2529972533537412, 1.227236707941574], [2.6219601250309887, 3.3714468184026636, 2.650290256382831, 1.585051834183068, 1.2682958688818797, 1.288848014233777, 1.2293686857648025, 1.2496484879574854, 1.2644238484166208, 3.475601886753475, 1.1736435512790346, 2.3517043453580184, 1.2709989388838834, 1.2675471046094924, 1.2561915369029208, 1.2274778912816007], [2.708717919512291, 3.3932639728483336, 2.57562740916926, 1.6318577656834738, 1.264328664924179, 1.287194777324609, 1.23189964158184, 1.2503897696683441, 1.2578957543935578, 3.590178453082509, 1.1104991318239767, 2.1793369807709606, 1.2693568762401792, 1.2738144584780278, 1.2586371776232974, 1.2268662918999278], [2.6258747888726566, 3.5435829583005414, 2.478836008887074, 1.6156305802492192, 1.2652333507626567, 1.2863586824957107, 1.2160139711941542, 1.2522652166050607, 1.238292787665007, 3.745335743857487, 1.0359580450620482, 2.417275847820928, 1.2797118739516489, 1.2849585499559961, 1.2618251961358786, 1.2257265572258271], [2.9147299980715795, 3.702362646518518, 2.05633536353527, 1.581045125848384, 1.2856801554550767, 1.2720744256268273, 1.2221771556514731, 1.2715110538371128, 1.090337385561032, 3.615732845120796, 1.0425237280606798, 2.2386413526492444, 1.2163894645664148, 1.2906195531649907, 1.264489860502306, 1.2068621011390077], [2.3722640601770344, 3.2544491410900904, 1.8817575838103449, 1.5628015799554122, 1.25576811549639, 1.2597788821440952, 1.2096941870071485, 1.2755797792831822, 1.23796679956104, 3.8941122357689495, 1.112368362981792, 1.7961976533464672, 1.2295209165111314, 1.282471158725021, 1.264138494365381, 1.194730564855295], [2.2771901395702216, 2.835286659203094, 1.5110973619669805, 1.043891666977666, 1.2611005051427053, 1.2297854004614532, 1.1606696749671506, 1.2832727283388312, 1.0488737664914372, 3.4135257538402737, 1.0962525203414517, 2.0748339837020464, 1.2406599080189389, 1.2539038315642048, 1.2670160664246615, 1.2127642141794637], [1.7525544793065402, 2.923556211457102, 1.4885069703136562, 1.017237325405018, 1.2143647791840473, 1.1967138105570538, 1.138941246503823, 1.4034038997748213, 1.1210745149564723, 3.1094577864666206, 1.1429883569167487, 1.8551556843779218, 1.2034375598332787, 1.2967436579716924, 1.2652562384646409, 1.1751879485395595], [1.4997526420292828, 2.2644747797599094, 1.1611526983428715, 1.0613287751484934, 1.1787496581897714, 1.167437221079418, 1.2371356420882302, 1.2558423697927934, 1.0002639163364895, 2.3919034208275987, 1.153598181865319, 1.1898624851881157, 1.1233879866281082, 1.2959697817500337, 1.1976107937755982, 1.1567234869705538]]
keyMatch: [True, True, True, True, True, True, False, False, False]
